4.459991455078125
1.2215063571929932
1.2237589359283447
1.2032544612884521
0.09137916564941406
0.10348391532897949
0.06246781349182129
0.06353616714477539
0.06437206268310547
0.05426764488220215
0.055413007736206055
0.07042717933654785
0.06300854682922363
0.06064581871032715
0.057686567306518555
0.06483936309814453
0.05566835403442383
0.15839314460754395
0.10625553131103516
0.099609375
0.09974479675292969
0.09498214721679688
0.0955514907836914
0.10174989700317383
0.1011195182800293
0.010979890823364258
0.011094331741333008
0.011020421981811523
0.011049032211303711
0.011274576187133789
0.010949850082397461
0.011514902114868164
0.010967254638671875
1.8846454620361328
0.010040283203125
0.010326147079467773
0.010034561157226562
2.148486614227295
0.39934229850769043
0.44064784049987793
0.43656325340270996
0.43163418769836426
0.427931547164917
0.5329544544219971
0.4704301357269287
0.47818851470947266
0.4584171772003174
0.6335625648498535
0.6745672225952148
0.6643579006195068
0.6173977851867676
0.6244480609893799
0.6446146965026855
0.7162387371063232
0.7987031936645508
0.8917975425720215
1.1536378860473633
1.175492286682129
1.2233026027679443
1.2921311855316162
2.0471975803375244
1.8497090339660645
2.0264806747436523
3.4447720050811768
3.5582613945007324
3.8356871604919434
71.05485367774963
1170.4354054927826
1.8660109043121338
0.41318297386169434
1.2359747886657715
0.045183658599853516
0.04780316352844238
0.048638343811035156
0.045271873474121094
0.050481319427490234
2.8833327293395996
8.037085056304932
4.49778151512146
4.3048553466796875
4.263523817062378
25.57967233657837
2.159052610397339
7.253655195236206
7.700567722320557
9.47644591331482
13.54438328742981
21.592281341552734
37.815648555755615
37.29594039916992
742.0485463142395
4.8140785694122314
4.680789947509766
4.8588457107543945
4.90128231048584
4.851672410964966
4.787157297134399
4.66352653503418
4.849133014678955
1.2750813961029053
0.20879912376403809
0.22075676918029785
0.591684103012085
0.5701851844787598
0.3155825138092041
0.04197216033935547
0.05550527572631836
0.04766535758972168
0.048201560974121094
0.06209850311279297
0.05728960037231445
0.12713170051574707
0.04631638526916504
0.12377619743347168
0.07345461845397949
0.08862161636352539
0.08450794219970703
0.09191346168518066
0.08054518699645996
0.08628153800964355
0.18844199180603027
0.18700075149536133
0.20680618286132812
1.1377899646759033
1.1420435905456543
13.185170888900757
13.802870988845825
0.055060625076293945
0.054770708084106445
0.054468631744384766
0.054593801498413086
0.05547356605529785
0.05431985855102539
0.05547332763671875
0.05513429641723633
0.05501890182495117
0.05497336387634277
0.05544424057006836
0.05660843849182129
0.05417990684509277
0.061692237854003906
0.04528379440307617
0.044878482818603516
0.06451964378356934
0.06362366676330566
0.06511664390563965
0.0637054443359375
0.0643911361694336
0.06534624099731445
0.06896138191223145
0.06837105751037598
0.10196495056152344
0.10416078567504883
0.10940933227539062
